1678119330275 1.2922260104081569 77
1678119349331 0.7992774618741794 155
1678119368407 0.7502087660324879 233
1678119387476 0.7143211116393408 311
1678119406544 0.6581424027681351 389
1678119425598 0.6663516091230588 467
1678119444683 0.672009024100426 545
1678119463755 0.6288838279552948 623
1678119482827 0.6474500596523285 701
1678119501902 0.6431467334429423 779
1678119557440 0.5662274605188614 77
1678119576504 0.5792816097919757 155
1678119595595 0.5686848148321494 233
1678119614698 0.592504042845506 311
1678119633769 0.609832328863633 389
1678119652827 0.6027263555771265 467
1678119671926 0.5783808365082129 545
1678119691021 0.585889030725528 623
1678119710103 0.5787454457619251 701
1678119729186 0.5611473539700875 779
1678119784603 0.5149189012172894 77
1678119803662 0.5272883937144891 155
1678119822745 0.5324159016211828 233
1678119841812 0.5300204899066534 311
1678119860895 0.5471166024605433 389
1678119879969 0.5335361714928578 467
1678119899032 0.5423669390953504 545
1678119918112 0.5317155577433414 623
1678119937191 0.5555742306587024 701
1678119956275 0.5693714049382087 779
1678120011754 0.47569776326417923 77
1678120030855 0.5331511772595919 155
1678120049923 0.5162586504832293 233
1678120068976 0.5417703309884438 311
1678120088063 0.5299163926870395 389
1678120107146 0.48254919625245607 467
1678120126219 0.5351095069677402 545
1678120145285 0.5353785323408934 623
1678120164355 0.5249366643719184 701
1678120183431 0.5164938660768362 779
1678120238889 0.49469846257796657 77
1678120257949 0.4701738707148112 155
1678120277031 0.45984063698695254 233
1678120296106 0.47925078601409227 311
1678120315160 0.4820133396066152 389
1678120334257 0.5221754664029831 467
1678120353348 0.5011056671157862 545
1678120372409 0.532299246161412 623
1678120391536 0.5205460828848374 701
1678120410622 0.5138787279526392 779
1678120466125 0.46476652931708556 77
1678120485196 0.47711284898030454 155
1678120504252 0.49218644774877107 233
1678120523308 0.4660122283758261 311
1678120542399 0.4625517080227534 389
1678120561461 0.4872449877170416 467
1678120580541 0.49352162579695386 545
1678120599616 0.5102914613791001 623
1678120618704 0.4858024477576598 701
1678120637779 0.4852903787142191 779
1678120693212 0.4614119739868702 77
1678120712287 0.46512449666475636 155
1678120731355 0.47239321049971456 233
1678120750433 0.46234070452360004 311
1678120769501 0.4652819986908864 389
1678120788590 0.4636512612685179 467
1678120807659 0.48489028941362333 545
1678120826717 0.4729402395777213 623
1678120845769 0.4634588708480199 701
1678120864854 0.4924954286752603 779
1678120920336 0.45473594619677615 77
1678120939412 0.4507721322469222 155
1678120958476 0.4487300700484178 233
1678120977526 0.46720709135899174 311
1678120996620 0.48698306446656203 389
1678121015691 0.45685252680992466 467
1678121034764 0.5000368861051706 545
1678121053866 0.45433757664301455 623
1678121072972 0.49352439550253063 701
1678121092081 0.5051342915648069 779
1678121147613 0.42060683037226015 77
1678121166712 0.4517109508697803 155
1678121185792 0.4517205785482358 233
1678121204883 0.4598959376796698 311
1678121223983 0.46314975657524204 389
1678121243057 0.4584905033310254 467
1678121262157 0.46240031318022656 545
1678121281263 0.45201993485291797 623
1678121300366 0.46685799918113613 701
1678121319445 0.48463577032089233 779
1678121374812 0.4248528725061661 77
1678121393904 0.43131196078581685 155
1678121412990 0.44749034005097854 233
1678121432057 0.4472431167960167 311
1678121451154 0.4389454976488382 389
1678121470245 0.46076961281972056 467
1678121489354 0.44800356183296597 545
1678121508449 0.4515963380153363 623
1678121527530 0.47313468425701827 701
1678121546607 0.4756686752423262 779
