1678121608146 0.4490228437651426 77
1678121633124 0.20850777797974074 155
1678121657910 0.21379224430674162 233
1678121682804 0.20144133489483443 311
1678121707761 0.18141111000799215 389
1678121732655 0.1921645566725578 467
1678121757519 0.1914665256268703 545
1678121782362 0.17594769907494387 623
1678121807146 0.1710443956634173 701
1678121832037 0.16761863121810633 779
1678121904620 0.14762019394682005 77
1678121929415 0.13839993993632305 155
1678121954238 0.149496959331326 233
1678121979041 0.15603236152002445 311
1678122003840 0.12333956895730434 389
1678122028667 0.15095178730403766 467
1678122053528 0.1575389412494424 545
1678122078333 0.13865431899634692 623
1678122103196 0.1481521212710784 701
1678122127976 0.14584794277564073 779
1678122200574 0.13069362647067279 77
1678122225377 0.11107539906142613 155
1678122250290 0.12471861124802859 233
1678122275185 0.1015403006130304 311
1678122299976 0.13133269058874783 389
1678122324768 0.12353528237256867 467
1678122349556 0.12756527778811944 545
1678122374437 0.144390590608311 623
1678122399217 0.1335762627184009 701
1678122424198 0.14329458073450205 779
1678122496754 0.09489802700968888 77
1678122521582 0.10661627870435134 155
1678122546390 0.13115717678402478 233
1678122571264 0.11712117564792816 311
1678122596041 0.10615178996410507 389
1678122620866 0.11596956512389275 467
1678122645631 0.11961577273905277 545
1678122670448 0.11537226116380249 623
1678122695199 0.12231509072276261 701
1678122719991 0.1239987750036212 779
1678122792592 0.09922590020757455 77
1678122817458 0.09247993966803336 155
1678122842237 0.10355071692417066 233
1678122867018 0.10376693241489239 311
1678122891838 0.11410317675043376 389
1678122916749 0.10859187272114632 467
1678122941619 0.09566469292323558 545
1678122966483 0.10751707702636337 623
1678122991277 0.11328013657998198 701
1678123016102 0.10531467483498347 779
1678123088666 0.0777932165357738 77
1678123113474 0.08628708563553981 155
1678123138319 0.08199376714391968 233
1678123163097 0.09131848673598889 311
1678123187929 0.0920199075092872 389
1678123212759 0.0882333835754066 467
1678123237597 0.11179001775020972 545
1678123262426 0.1106631881915606 623
1678123287236 0.10968918174218673 701
1678123312072 0.1114765254016488 779
1678123384802 0.07487952618453747 77
1678123409612 0.0803236745011348 155
1678123434383 0.0773342087602195 233
1678123459216 0.08843279671138869 311
1678123484023 0.08604043689914621 389
1678123508847 0.08862709288652508 467
1678123533774 0.08928494194809061 545
1678123558616 0.0914878614533406 623
1678123583454 0.08636141465738034 701
1678123608320 0.09861007871297307 779
1678123680966 0.0603747700030605 77
1678123705813 0.0760021803375238 155
1678123730616 0.0899440045408809 233
1678123755424 0.07180071663923371 311
1678123780287 0.06624208545933168 389
1678123805219 0.08772056442327224 467
1678123830004 0.07716900415909596 545
1678123854876 0.0906815018492918 623
1678123879659 0.09721357375383377 701
1678123904513 0.09068368786038497 779
1678123977250 0.0581145234979116 77
1678124002119 0.06763706876872441 155
1678124026886 0.05758092502275339 233
1678124051707 0.05374140507326676 311
1678124076538 0.051915861594562344 389
1678124101424 0.05282104586680921 467
1678124126204 0.04580956601048223 545
1678124151001 0.04918987219645761 623
1678124175770 0.05044248962822633 701
1678124200586 0.05881190531027432 779
1678124273271 0.04401572157318393 77
1678124298047 0.05012125317126703 155
1678124322892 0.04833858027958717 233
1678124347715 0.044632636685258686 311
1678124372581 0.04479490810832104 389
1678124397517 0.04676231689070566 467
1678124422344 0.05104724366146211 545
1678124447150 0.051685602138511456 623
1678124472000 0.04356901054509366 701
1678124496793 0.048967957245902374 779
