1678119209946 2.186869564728859 77
1678119210765 1.8649315803478925 155
1678119211584 1.6840201096656995 233
1678119212408 1.542510104485047 311
1678119213198 1.4957234997015734 389
1678119213980 1.4291125001051488 467
1678119214792 1.3928564328413744 545
1678119215598 1.347502017632509 623
1678119216398 1.2910054952670367 701
1678119217222 1.2868470350901287 779
1678119220133 1.2295362903521612 77
1678119220947 1.1664449572563171 155
1678119221776 1.124486077290315 233
1678119222602 1.1264261228915973 311
1678119223388 1.093568558112169 389
1678119224201 1.06380837620833 467
1678119225035 1.0844134650169275 545
1678119225836 1.0712775725584764 623
1678119226663 1.0394215301061287 701
1678119227456 1.055967071881661 779
1678119230334 0.9459796884121039 77
1678119231169 0.9477459750114343 155
1678119231992 0.9000071982542673 233
1678119232780 0.9448206585187179 311
1678119233586 0.9442971914242475 389
1678119234390 0.9261147708464892 467
1678119235211 0.9367684507981325 545
1678119236025 0.8921607526449057 623
1678119236865 0.9170381854742001 701
1678119237676 0.9308490317601424 779
1678119240476 0.7916796398468506 77
1678119241320 0.801865564706998 155
1678119242165 0.7816533209421695 233
1678119242983 0.8094235559304556 311
1678119243773 0.8218722664392911 389
1678119244601 0.8268755735495151 467
1678119245436 0.8183120523507779 545
1678119246251 0.8107147144201474 623
1678119247074 0.8437909797216073 701
1678119247892 0.8053037073367681 779
1678119250774 0.6167475947966943 77
1678119251578 0.6661972147531998 155
1678119252391 0.7078345861190405 233
1678119253205 0.6821288420603826 311
1678119254062 0.7171962360541025 389
1678119254890 0.7228974558604069 467
1678119255701 0.7437005898891351 545
1678119256515 0.7326968602645092 623
1678119257337 0.7078420088077203 701
1678119258168 0.7300587479884808 779
1678119260914 0.5687779784202576 77
1678119261725 0.5877951853550397 155
1678119262547 0.586173204657359 233
1678119263377 0.585755875477424 311
1678119264206 0.6104918691592339 389
1678119265024 0.6059597260676898 467
1678119265840 0.6054967584518286 545
1678119266658 0.6401882530787052 623
1678119267505 0.6020693259361463 701
1678119268339 0.6247723801777914 779
1678119271148 0.459410721101822 77
1678119271944 0.4630216163320419 155
1678119272766 0.4671477809166297 233
1678119273563 0.48977764141865265 311
1678119274382 0.49339891091371196 389
1678119275192 0.5123493507122382 467
1678119276014 0.5165673723587623 545
1678119276827 0.5306465769043336 623
1678119277643 0.5168698135858927 701
1678119278465 0.5088579960358448 779
1678119281279 0.38378461259297836 77
1678119282076 0.3294639760771623 155
1678119282877 0.36540922885521865 233
1678119283678 0.4192970977761807 311
1678119284486 0.3969659988696759 389
1678119285282 0.4297792930633594 467
1678119286126 0.4030559901625682 545
1678119286953 0.4520939928598893 623
1678119287768 0.4202071697666095 701
1678119288604 0.43175520098362213 779
1678119291319 0.2621148020411149 77
1678119292145 0.24983828495710325 155
1678119292956 0.28176180387918764 233
1678119293779 0.3031517936824224 311
1678119294581 0.33256294024296296 389
1678119295429 0.3524639694354473 467
1678119296255 0.3481212800894028 545
1678119297079 0.3569335610820697 623
1678119297885 0.3667810335755348 701
1678119298726 0.40363169690737355 779
1678119301554 0.24054449328627342 77
1678119302367 0.2362631432329997 155
1678119303210 0.24308543575879854 233
1678119304024 0.2793322585714169 311
1678119304856 0.27597007098106235 389
1678119305695 0.2730006413199963 467
1678119306504 0.28157577778284365 545
1678119307342 0.3086474860707919 623
1678119308175 0.28413546964144093 701
1678119309010 0.3442127001591218 779
